10000 8.77904879066804332066
20000 8.79155067155067155067
30000 8.75130726015557476231
40000 8.28146237265856063095
50000 8.32352953265650047268
60000 8.44798077997541624762
70000 8.48935281435281435281
80000 8.45233647602626655416
90000 6.61300182936969898553
100000 8.40578126459325674792
110000 8.34201003485388180320
120000 8.35622296012121602888
130000 8.43926704766132164456
140000 8.45075117370892018779
150000 8.39417385176587630575
160000 8.26373229080735985079
170000 8.42433004048582995951
180000 6.01972007183997027311
190000 8.35479659535075087430
200000 8.15654616927033181153
210000 8.42776693669112104385
220000 8.44893108598250480051
230000 8.37263664181204276871
240000 8.36057575537653917797
250000 8.21122489197711082564
260000 8.30321973987689872122
270000 4.84499451699730834413
280000 8.37077544531903408922
290000 8.20192157861372834797
300000 8.36329760872258704001
310000 8.48038916152311289998
320000 8.45762698798718878192
330000 8.28895240269954838382
340000 8.22328962448327919126
350000 7.85093196230136830224
360000 4.78879709651063969552
370000 8.22127939680050711461
380000 7.70692091467609175225
390000 7.74518143627028020990
400000 7.89278332433521243330
410000 8.12632803897450221030
420000 7.26746396830446754114
430000 6.06103643134862460504
440000 7.55225357912211275480
450000 3.55034349148649556865
500000 6.79766553422770331408
550000 6.67030219060009359235
600000 6.74651602243421895123
650000 6.73608749374443642354
700000 4.24926375083347144228
750000 6.62842836689442250245
800000 5.24148393909874773244
850000 6.82614724308935237479
900000 6.66922484736956942368
Missing/invalid 'Elapsed time:' part!
Missing/invalid 'Elapsed time:' part!
1050000 6.55712298966258514010
