10000 1.11149731742795715672
20000 1.11172108796647320751
30000 1.11117040248017778265
40000 1.10663153618988022703
50000 1.10757322175732217573
60000 1.10825335085927612644
70000 1.10921188981447945591
80000 1.10908409991287227846
90000 .96372465122017855411
100000 1.10848538966037503463
110000 1.10773112534616352904
120000 1.10789360528981573694
130000 1.10885978038000637900
140000 1.10943489260270784886
150000 1.10932734025769129634
160000 1.10716806143215144678
170000 1.10941006611217743655
180000 .85814546032418688420
190000 1.10893692328433756734
200000 1.10698814297311259255
210000 1.10741516196130897159
220000 1.10776101335869612208
230000 1.10919799501666354091
240000 1.10955107631884507750
250000 1.10778192223690507372
260000 1.10780151038560809180
270000 .73898496579346325134
280000 1.10904992282568034428
290000 1.10512215224480529008
300000 1.10983592968042973831
310000 1.10798811436243123931
320000 1.10796533288771178544
330000 1.10954643533151598032
340000 1.10611030990473588274
350000 1.10547008444168369989
360000 .75345081861053091231
370000 1.10224934973150564833
380000 1.10340603323116631714
390000 1.10522750007871975042
400000 1.10879344642747831215
410000 1.10555665208938411133
420000 1.09709352297251259243
430000 1.08401792036479114078
440000 1.08943804066565396960
