2500 8.73931939825585544438
5000 8.74125061563608591067
7500 8.74430523836711390236
10000 8.74041281656399726214
12500 8.78608285091992892760
15000 8.74644451571520205259
17500 8.71985171865911960392
20000 8.76120995630950517312
22500 8.74581470159599047382
25000 8.71556101235954257610
27500 8.71546918682819602626
30000 8.72372690171182405622
32500 8.70329707669880349584
35000 8.65076459626458925894
37500 8.54845601157862090354
40000 8.35440837583313095334
42500 8.56034594811817526744
45000 8.55725396507557292493
47500 8.50658168022485878760
50000 8.31350395545086861569
52500 8.54040029332580509670
55000 8.48257728257924681658
57500 8.39454194653412144008
60000 8.45423743245006282916
62500 8.47188790639454325169
65000 6.96774707625976825653
67500 8.42390404486534234474
70000 8.51642656146546016331
72500 8.46822421959985128678
75000 8.45900613733491854374
77500 8.38133120574706703188
80000 8.50118620985757699764
82500 8.42440915373348827934
85000 8.34426365193735282983
87500 8.36773006942055091177
90000 6.21582952801409704985
92500 8.34768772146152751712
95000 8.40051866120253900947
97500 5.76029438745024111493
100000 8.36576569398798260465
102500 8.44641097052874707297
105000 7.87751447446766282004
107500 8.47296051648993224803
110000 7.14314191072775573119
112500 8.32329288045596258768
115000 8.48633544653520055612
117500 7.99970851815846568851
120000 8.35256085535855841921
122500 6.37317356015383526413
125000 8.40611363500508099707
127500 8.42244546977451053761
130000 8.43687964899240629905
132500 8.28005096192266626491
135000 8.21994625306163358118
137500 8.47750057606197804114
140000 8.41662943060434546636
142500 7.45605579070834820745
145000 8.37626085897989221252
147500 7.96207309138965131645
150000 8.24402387701201483916
152500 7.59047388939256572982
155000 5.54269526543795339775
157500 8.19323103600132114939
160000 8.39470669678641696422
162500 8.30916622477580108501
165000 8.10566525521849879255
167500 8.00353167245122743625
170000 8.45394737839990032556
172500 7.92728465500399609270
175000 8.38755452203197273391
177500 7.95050728531907734868
180000 5.25658665849459651905
182500 8.46366229494310641782
185000 8.20703120004263028882
187500 4.39041821757998549975
190000 8.22930852815278235100
192500 7.62429425447645609843
195000 8.33813795119811906879
197500 8.14259099475225421124
200000 7.98109817266817050663
202500 7.41638116051243406179
205000 8.39696147591481520538
207500 8.45445218965959233987
210000 7.10837536882731941453
212500 4.82794234258849524669
215000 7.77597833705597039335
217500 8.40123470736808871699
220000 8.00237976264834478450
222500 6.70115029008230591933
225000 7.44159561957959723651
227500 8.39565701488771132980
230000 8.41908939394609219234
232500 7.77302615864545429127
235000 8.27422757900256786958
237500 5.16064604914049872421
240000 8.00116806797266585122
400000 7.71426627559698394203
410000 7.29289063818095049867
420000 7.50882881689814431624
430000 5.47353692270752268712
440000 7.25128108236332083449


#2500 8.70348087816180180948
#5000 8.74125061563608591067
#7500 8.74430523836711390236
#10000 8.74041281656399726214
#12500 8.78608285091992892760
#15000 8.74121137655455361340
#17500 8.71985171865911960392
#20000 8.76120995630950517312
#22500 8.74581470159599047382
#25000 8.71556101235954257610
#27500 8.71546918682819602626
#30000 8.72372690171182405622
#32500 8.68971146611915426208
#35000 8.61185072565853250294
#37500 8.54845601157862090354
#40000 8.35440837583313095334
#42500 8.56034594811817526744
#45000 8.55725396507557292493
#47500 8.50658168022485878760
#50000 8.31350395545086861569
#52500 8.54040029332580509670
#55000 8.48257728257924681658
#57500 8.39454194653412144008
#60000 8.45423743245006282916
#62500 8.47188790639454325169
#65000 6.96774707625976825653
#67500 8.42390404486534234474
#70000 8.51642656146546016331
#72500 8.46822421959985128678
#75000 8.45900613733491854374
#77500 8.35203283226574822158
#80000 8.50118620985757699764
#82500 8.42440915373348827934
#85000 8.34426365193735282983
#87500 8.36773006942055091177
#90000 6.21582952801409704985
#92500 8.34768772146152751712
#95000 8.40051866120253900947
#97500 5.48176132563941358556
#100000 8.36576569398798260465
#102500 8.44641097052874707297
#105000 7.87751447446766282004
#107500 8.47296051648993224803
#110000 7.14314191072775573119
#112500 8.32329288045596258768
#115000 8.48633544653520055612
#117500 7.99970851815846568851
#120000 8.35256085535855841921
#122500 6.37317356015383526413
#125000 8.40611363500508099707
#127500 8.42244546977451053761
#130000 8.42123123089870221907
#132500 5.68624261699227623807
#135000 7.70812197113435974553
#137500 8.47750057606197804114
#140000 8.41662943060434546636
#142500 7.45605579070834820745
#145000 8.37626085897989221252
#147500 7.96207309138965131645
#150000 8.24402387701201483916
#152500 7.59047388939256572982
#155000 5.54269526543795339775
#157500 7.85274098239566662563
#160000 8.39470669678641696422
#162500 8.30916622477580108501
#165000 7.52333227574419306801
#167500 6.82477087012144581786
#170000 8.45394737839990032556
#172500 7.92728465500399609270
#175000 8.38755452203197273391
#177500 7.95050728531907734868
#180000 5.25658665849459651905
#182500 8.46366229494310641782
#185000 8.20703120004263028882
#187500 4.39041821757998549975
#190000 8.22930852815278235100
#192500 7.62429425447645609843
#195000 8.33813795119811906879
#197500 8.14259099475225421124
#200000 7.98109817266817050663
#202500 7.41638116051243406179
#205000 8.39696147591481520538
#207500 8.45445218965959233987
#210000 7.10837536882731941453
#212500 4.82794234258849524669
#215000 7.77597833705597039335
#217500 8.40123470736808871699
#220000 8.00237976264834478450
#222500 6.70115029008230591933
#225000 7.44159561957959723651
#227500 8.39565701488771132980
#230000 8.41908939394609219234
#232500 7.77302615864545429127
#235000 8.27422757900256786958
#237500 5.16064604914049872421
#240000 8.00116806797266585122
#400000 7.71426627559698394203
#410000 7.29289063818095049867
#420000 7.50882881689814431624
#430000 5.47353692270752268712
#440000 7.25128108236332083449
