2500 1.10732973139515195589
5000 1.10843599198129709738
7500 1.11140433177797896789
10000 1.10870507159830045068
12500 1.10917289662526937859
15000 1.11137507345033648569
17500 1.11144973306782811390
20000 1.11135951578361304583
22500 1.11047558118280463284
25000 1.11072515755351883237
27500 1.11033139753021973540
30000 1.10865191422267722915
32500 1.10927392065344224037
35000 1.10913553152342250519
37500 1.10593066914244364649
40000 1.10435224645858211816
42500 1.10769316546856859821
45000 1.10902508712728882004
47500 1.10763378660688473979
50000 1.10753687630236106781
52500 1.10928433727756261039
55000 1.10875399295966442594
57500 1.10632451746884925482
60000 1.10574360049436043946
62500 1.10662629744170857039
65000 .96593640518462225628
67500 1.10566011917601380500
70000 1.10909193792172060750
72500 1.10644329294105815131
75000 1.10776136059036230258
77500 1.10586011757876728967
80000 1.10847581246542060571
82500 1.10575383698943558686
85000 1.10773310733115848828
87500 1.10577700244990532025
90000 .96339988678937758385
92500 1.10794383323821536307
95000 1.10810624181461001164
97500 .96242766910019460724
100000 1.10663628222284612342
102500 1.10576454973088808394
105000 1.10690195247245315432
107500 1.10905017314413216002
110000 1.10799879942209470321
112500 1.10495489268825027282
115000 1.10899892618137518663
117500 1.10540883342637217464
120000 1.10261051556916794282
122500 .90167762965732378404
125000 1.10276856903680381428
127500 1.10679223694637085564
130000 1.10588683086430973370
132500 1.10707040788086221453
135000 1.10288634839308317238
137500 1.10866410497818926957
140000 1.10594318906727313478
142500 1.10577672061715322946
145000 1.10605934314835787089
147500 1.10930328373851895390
150000 1.10814509785144092317
152500 1.10753255875789248102
155000 .80832861210982148447
157500 1.10776802637715964235
160000 1.10540185768020265602
162500 1.10866924174092746990
165000 1.10736650031579173337
167500 1.10291859717246191493
170000 1.10943845865110644759
172500 1.10446084799445722910
175000 1.10950029938763906430
177500 1.10439259525402208532
180000 .80313059835862958859
182500 1.10727161826592136260
185000 1.10757399077340179569
187500 .76046485427676149217
190000 1.10729573348669776556
192500 1.10349668958534616249
195000 1.10940102794846318300
197500 1.10656987345881856021
200000 1.10598489107627272252
202500 1.10617025916007139528
205000 1.10924568793281056965
207500 1.10856799463320717365
210000 1.10634016419432100331
212500 .80343338168536910230
215000 1.10625560986765000142
217500 1.10798029873934572452
220000 1.10893416935880105190
222500 1.10732324735398370296
225000 1.10543093764481246861
227500 1.10677368902511464347
230000 1.10713194266001444080
232500 1.10546732221067162017
235000 1.10703384290539599952
237500 .80819937847706183946
240000 1.10882308243903925839
400000 1.09520408023571179760
410000 1.09495598182531399679
420000 1.09935666011134808741
430000 1.09025494924797375164
440000 1.08422658453673103524
