10000 9.10320300221078640830
20000 9.12450752170293732905
30000 9.08792382639503985828
40000 9.00672058181818181818
50000 9.03539446640893376702
60000 9.04893328041628081315
70000 9.06321884553137924833
80000 9.07309758210600929353
90000 6.48933617486968291910
100000 9.02686043221131286066
110000 9.03291058394160583941
120000 9.01649465170884424732
130000 9.05871812857757337127
140000 9.05373229755144387457
150000 9.03331219729798623502
160000 9.01865647201581388673
170000 9.02693456977361620606
180000 4.65510335051052661826
190000 9.02625925038460069245
200000 8.95470182202599340837
210000 9.02356416960327384335
220000 9.06206829119454114253
230000 9.02049280030314513073
240000 9.02481083762995029754
250000 9.02525056691767927434
260000 9.02519332754797030180
270000 4.93640022270541941600
280000 9.00657314629258517034
290000 8.97579695708373356101
300000 9.05488081963227218230
310000 9.01413941708919796351
320000 9.06421938583571634058
330000 9.03253502045932097172
340000 9.00111068814562317235
350000 9.03525750426663989559
360000 4.82998409885213588855
370000 9.05728024876042474519
380000 8.90336999674585095997
390000 8.95257694269682026866
400000 8.74355801400180942723
410000 8.84373910171537465547
420000 8.93719286196802521954
430000 8.72914830502917841453
440000 8.81118529044394661919
450000 4.67436745466063766212
500000 8.73411267376004906622
550000 8.73340567053053159018
600000 8.74457297390665990132
650000 8.71790153884247498693
700000 8.50161578715524877801
750000 8.74431015884832588736
800000 8.73431498244419559084
850000 8.71560799435982393214
900000 8.72368244387350312388
Missing/invalid 'Elapsed time:' part!
1000000 8.73211869656735829844
1050000 8.76349174876684139173
1100000 8.51115648480888598497
1150000 8.42736280188294169104
1200000 8.45415509059182308909
1250000 8.60270120061517304494
1300000 8.61474286905315480077
