10000 6.81186809948146191594
20000 6.80674626782917261549
30000 6.79038120450033090668
40000 6.75693237742931657227
50000 6.82176453564488789052
60000 6.83695506226312939902
70000 6.82668236764051404103
80000 6.81755114996637525218
90000 5.42197080132299669250
100000 6.82462370075882725711
110000 6.81634513371271196607
120000 6.76918785941490778608
130000 6.82599131859172698192
140000 6.81652595377286101496
150000 6.80788582021991638470
160000 6.71351496255718406713
170000 6.82173582352216070477
180000 4.22969125998128848371
190000 6.79558842830437794946
200000 6.82017817646195160534
210000 6.80192146286184344413
220000 6.71839258861301259822
230000 6.79967070529147128133
240000 6.81312608973741161627
250000 6.81494011957911060764
260000 6.76480569588116037641
270000 4.37398344011039926400
280000 6.81199684308846351570
290000 6.80280353126481565116
300000 6.79370954450811783281
310000 6.78977705031283609272
320000 6.81372456457810793176
330000 6.72715193196676584748
340000 6.80823661251085870029
350000 6.72472864789033074612
360000 4.38962141290633970380
370000 6.78448173518496084931
380000 6.74137701006328457308
390000 6.73791975940619401074
400000 6.76198924188386775640
410000 6.75783195011479671600
420000 6.73422200919188213012
430000 6.69403250266497717170
440000 6.70264593250819845551
450000 4.26110697405814501299
500000 6.63652264451742969352
550000 6.64227027475416315442
600000 6.66766311058428409147
650000 6.63839273400197274814
700000 6.52013128957260660809
750000 6.64992125187839556120
800000 6.65980522401088692101
850000 6.63828544039789861833
900000 6.55606469184499102251
Missing/invalid 'Elapsed time:' part!
1000000 6.65120902257972853480
1050000 6.65662656704823023424
1100000 6.66180196415965312162
Missing/invalid 'Elapsed time:' part!
