2500 6.80023028270297585002
5000 6.80454104481758476224
7500 6.79962734608255546799
10000 6.81333070262218912219
12500 6.77083188400996030234
15000 6.78273401056750602436
17500 6.86641384183157671319
20000 6.81369259886442872796
22500 6.79835336538461538461
25000 6.79960381930389748651
27500 6.76334496293065852594
30000 6.79645348259530354717
32500 6.79194576191078111861
35000 6.84228647420623926414
37500 6.83080859676175790285
40000 6.74346619620142882035
42500 6.83437389712186837927
45000 6.82742723982349149685
47500 6.83719603456047268126
50000 6.81655423133726811903
52500 6.83615180475867656541
55000 6.82351629371734309703
57500 6.81379467230766714462
60000 6.83371053683228986279
62500 6.83210570637358366306
65000 5.25311632007931283876
67500 6.82554262490637223624
70000 6.83134661451562041857
72500 6.82603097303386999206
75000 6.81482834317902944389
77500 6.82083120406296331346
80000 6.80736985168114400520
82500 6.81168783151152575921
85000 6.75548485289228723404
87500 6.78131864977611083470
90000 5.48092985372618142631
92500 6.82242982995287850850
95000 6.81094815839674653585
97500 5.30252678550677481581
100000 6.82048619944895230568
102500 6.81716264303296839113
105000 6.82530076499403039340
107500 6.82949854718767270956
110000 6.81773202975824038230
112500 6.81819494602845228356
115000 6.81549501832340815391
117500 6.82030400083430760701
120000 6.72315114541832669322
122500 5.58812291568398666037
125000 6.69417509234928976731
127500 6.79597475439533641452
130000 6.80793807096147562629
132500 6.74710922988235796485
135000 6.81747720506865755388
137500 6.81593304525904154378
140000 6.81522328521686217504
142500 6.82716553118564764444
145000 6.78658166673391344890
147500 6.75369279256362609456
150000 6.82795908303513851834
152500 6.76082703913261158635
155000 4.26358091676306656851
157500 6.81844107421904824925
160000 6.79502329879475433042
162500 6.73415722934809301622
165000 6.81075952709651715479
167500 6.81041326530612244897
170000 6.82175967897748383740
172500 6.82889042120517974849
175000 6.79222496488389094702
177500 6.80761271697116654262
180000 4.25801979571522790382
182500 6.80426883847975605880
185000 6.79598442352136525849
187500 4.31998474251717746807
190000 6.66597586183903447356
192500 6.80558305274971941638
195000 6.74703267780570752624
197500 6.81043770733505344636
200000 6.78556565009235872884
202500 6.66301373016302876022
205000 6.80043214426984069905
207500 6.81137613429130138641
210000 6.79532718120805369127
212500 4.25794144918122099175
215000 6.71462646217412531825
217500 6.81228785490851780442
220000 6.76975441077624222456
222500 6.81143052057495996606
225000 6.81213995768825363125
227500 6.80314362599405574744
230000 6.72312714024472043549
232500 6.65642170108840652086
235000 6.79664349960514575420
237500 4.31193322617017707402
240000 6.67858363984205407007
400000 6.71292421869172820168
410000 6.82451511481303552539
420000 6.71144735924312464727
430000 6.67779433746857437514
440000 6.66170816845405364072


#2500 6.79983380854944792566
#5000 6.79517744781436228651
#7500 6.79593132252124331639
#10000 6.81333070262218912219
#12500 6.76093977418074361575
#15000 6.77180522447357965832
#17500 6.86147000546978779455
#20000 6.81369259886442872796
#22500 6.79835336538461538461
#25000 6.78973999080887441932
#27500 6.76334496293065852594
#30000 6.79645348259530354717
#32500 6.78400436405555250590
#35000 6.84228647420623926414
#37500 6.83080859676175790285
#40000 6.74346619620142882035
#42500 6.83369346497414198401
#45000 6.81859977112172362948
#47500 6.83719603456047268126
#50000 6.81655423133726811903
#52500 6.83615180475867656541
#55000 6.82351629371734309703
#57500 6.81379467230766714462
#60000 6.83371053683228986279
#62500 6.83210570637358366306
#65000 5.25311632007931283876
#67500 6.82119032436928195176
#70000 6.83134661451562041857
#72500 6.82603097303386999206
#75000 6.76158202683543263402
#77500 6.70731818534315626211
#80000 6.80433600378014991730
#82500 6.81168783151152575921
#85000 6.62954850154713537816
#87500 6.78131864977611083470
#90000 5.48092985372618142631
#92500 6.82057925445346146607
#95000 6.81094815839674653585
#97500 5.28802456831614323791
#100000 6.82048619944895230568
#102500 6.81716264303296839113
#105000 6.80847451895272356568
#107500 6.74355693275267724959
#110000 6.81773202975824038230
#112500 6.81819494602845228356
#115000 6.81549501832340815391
#117500 6.82030400083430760701
#120000 6.72315114541832669322
#122500 5.58812291568398666037
#125000 6.69417509234928976731
#127500 6.79597475439533641452
#130000 6.80793807096147562629
#132500 6.74710922988235796485
#135000 6.81747720506865755388
#137500 6.81593304525904154378
#140000 6.79802033806860605710
#142500 6.82716553118564764444
#145000 6.78658166673391344890
#147500 6.75369279256362609456
#150000 6.82795908303513851834
#152500 6.76082703913261158635
#155000 4.24349915611262298513
#157500 6.79785294893785459823
#160000 6.79502329879475433042
#162500 6.73415722934809301622
#165000 6.81075952709651715479
#167500 6.81041326530612244897
#170000 6.82175967897748383740
#172500 6.82889042120517974849
#175000 6.79222496488389094702
#177500 6.80761271697116654262
#180000 4.25801979571522790382
#182500 6.80426883847975605880
#185000 6.79598442352136525849
#187500 4.31998474251717746807
#190000 6.66597586183903447356
#192500 6.80558305274971941638
#195000 6.74703267780570752624
#197500 6.81043770733505344636
#200000 6.78556565009235872884
#202500 6.66301373016302876022
#205000 6.80043214426984069905
#207500 6.81137613429130138641
#210000 6.79532718120805369127
#212500 4.25794144918122099175
#215000 6.71462646217412531825
#217500 6.81228785490851780442
#220000 6.76975441077624222456
#222500 6.81143052057495996606
#225000 6.81213995768825363125
#227500 6.80314362599405574744
#230000 6.72312714024472043549
#232500 6.65642170108840652086
#235000 6.79664349960514575420
#237500 4.31193322617017707402
#240000 6.67858363984205407007
#400000 6.71292421869172820168
#410000 6.82451511481303552539
#420000 6.71144735924312464727
#430000 6.67779433746857437514
#440000 6.66170816845405364072
