2500 9.14355802614779252002
5000 9.14006291702118131745
7500 9.16391469215580685693
10000 9.09336958134290715960
12500 9.13662020101176417997
15000 9.12752231279564454229
17500 9.12320043191415149648
20000 9.11934140651038773469
22500 9.12532006824166450320
25000 9.11460558491463568726
27500 9.08980034722222222222
30000 9.06857913072940067320
32500 9.06827075475851543123
35000 9.07854546523938360192
37500 9.05026067128785114921
40000 9.01655682562795777211
42500 9.05411675472859582139
45000 9.04132411196953448162
47500 9.03641901009144021934
50000 9.03693322814315427096
52500 9.07384339359001558236
55000 9.07433926035417210097
57500 9.02100753567535964082
60000 9.04600796438070327538
62500 9.06736362854809359372
65000 6.14193707303632338549
67500 9.04746326449563145353
70000 9.06504856222057452447
72500 9.07536907230186897269
75000 9.04188694409716020717
77500 9.04224354953372642495
80000 9.06459548777521852959
82500 9.04934519588725403297
85000 8.96181632751503958874
87500 9.00985395494795260890
90000 6.59336418450406994271
92500 9.03982714346505451290
95000 9.04460772919290968689
97500 6.29109547553941956386
100000 9.03265206638230760959
102500 9.03067450490828097606
105000 9.07040861099684629096
107500 8.98826872249868569823
110000 9.02692059018567639257
112500 9.03134113869269040429
115000 9.06552458204805971286
117500 9.00139613306095246374
120000 9.03954356180817599096
122500 6.44110585177413201068
125000 9.00772337413606461820
127500 9.03643689626207475850
130000 9.06619955056715563847
132500 8.87724410610072124331
135000 8.97272749651267744317
137500 8.98709760477460585734
140000 9.06049180117364562065
142500 9.00237660706369144377
145000 8.81802577007316277552
147500 9.00858762975529804180
150000 9.03543545553417552078
152500 9.03985592738423443202
155000 4.61098694919711972476
157500 8.72945836130100162266
160000 9.00978088298551820326
162500 9.02730661120923784019
165000 8.95383439001662677458
167500 8.97330909920101398373
170000 9.05051318483120980322
172500 9.03305363015431317986
175000 8.92249321542835870016
177500 8.88426146599756659234
180000 4.62109742665994036126
182500 8.89558602560044316068
185000 9.03647416903804969636
187500 4.61706643076025098497
190000 8.97932966220557854808
192500 8.61743336821570223376
195000 9.03049377585149122286
197500 9.00863846903949293027
200000 9.00695909980797738261
202500 8.71940810612862070594
205000 8.91896231754191524984
207500 8.96189138403543056695
210000 9.01510962210045143522
212500 4.68423495071215958829
215000 8.96478432555608828457
217500 8.89297342600377017592
220000 9.02464448495897903372
222500 8.95175234689316048278
225000 8.99687665065581944108
227500 8.77351495032255026604
230000 9.00667051323281814570
232500 8.93543955589839660587
235000 8.91491634866754256554
237500 4.68935558737269935108
240000 9.01000117317343413934
400000 8.80859570459453011738
410000 8.76623346447796132875
420000 8.87206578594420600858
430000 8.70531158535149966389
440000 8.83795627694648744610
