100000 60.69514414984619041433
200000 60.85100232007175592081
300000 60.75867456420230335859
400000 60.78285420321589215285
500000 59.90488450356233825706
600000 59.18842904248225719531
700000 59.28329001729654158787
800000 59.53171119913389712702
900000 59.32996506534225587958
1000000 59.07910193270567306635
1100000 59.62945276737411568872
1200000 58.94034068040576032308
1300000 59.75124913820365303440
1400000 56.92538486734359646249
1500000 59.02020821735746991428
1600000 59.34797421043277119357
1700000 59.09345076286406581385
1800000 59.35922719042273074719
1900000 56.49935970896494397888
2000000 59.26181861281305866588
2100000 59.79685753995306950308
2200000 59.50301531013681863880
2300000 59.20145348782988385402
2400000 56.39875648615407713158
2500000 59.50591329911788461568
2600000 59.32862156561593407932
2700000 59.18180915337835034249
2800000 59.48608922910905779995
Missing/invalid 'Elapsed time:' part!
