100000 31.48778518500296562336
200000 31.38121710705529828384
300000 31.51996770184522665862
400000 31.12653072252859339156
500000 29.15273851761794423845
600000 25.55067307009865385980
700000 25.55606043045398175728
800000 26.83890892486044712833
900000 29.13753102604789102812
1000000 28.37735866903985281621
1100000 25.69355490961254429716
1200000 28.97182156856827654658
1300000 27.01062861384591342397
1400000 19.30140739350722462000
1500000 26.92933347606980877523
1600000 28.84847944546838688997
1700000 28.60902762348293028463
1800000 27.49965234079372676240
Missing/invalid 'Elapsed time:' part!
Missing/invalid 'Elapsed time:' part!
Missing/invalid 'Elapsed time:' part!
