100000 106.51269112120702226709
200000 105.88746559225714793109
300000 106.19264519512301708692
400000 100.75233863914640545740
500000 37.43060376856277795645
600000 29.47090426592302252232
700000 27.31684970793922162550
800000 27.52598766110572167239
900000 25.35714634376817072173
1000000 28.90078208666695567426
1100000 26.28419298955934183365
1200000 28.26120312835615198673
1300000 31.10218236582974377010
1400000 30.09276430631653425033
1500000 28.97148492017108189483
1600000 27.01373103529135889318
1700000 27.40479251757841207158
1800000 30.54293563990355307618
1900000 30.54847445738635295179
2000000 33.07260858720761184164
