250000 134.11019651552991244121
500000 130.29638037218379289277
750000 65.28583559979727560072
1000000 128.45561267332573701350
1250000 128.79170559035791478917
1500000 129.36204104447816018525
1750000 128.74835517480573896267
2000000 128.30776029981234997353
2250000 128.74931510333144477521
2500000 128.47016067329762815608
2750000 128.34756132630961618786
3000000 128.93339636742188190181
3250000 128.63583162495517621666
3500000 113.51873985474752768595
Missing/invalid 'Elapsed time:' part!
4000000 130.46730662076151215203
