100000 125.30692997624756001459
200000 124.00029633112542952977
300000 125.03788230040438734077
400000 124.49300430645536037520
500000 122.95840187115072490696
600000 121.15497399818908805359
700000 119.96803304331267370635
800000 121.04952780747679754959
900000 121.93220224169400312356
1000000 123.01981984444839322571
1100000 122.59081488875088415795
1200000 120.19846088567473631247
1300000 121.08554278492601327482
1400000 96.79522279625001028860
1500000 122.58469235798343745459
1600000 121.90707870251565505181
1700000 121.94212744610826168084
1800000 122.15920320060325506378
1900000 98.01263786321073462689
2000000 122.17351347132147571972
2100000 122.73604709054756522572
2200000 122.43405160722742904041
2300000 122.41092647633543822119
2400000 97.59792604474366432650
2500000 122.90062313327667161182
2600000 117.82891610599176514790
2700000 122.96629420066309194262
2800000 122.77264898968368999914
2900000 121.95586983965602943439
3000000 122.06574519611137818218
3100000 120.02192796882122787577
3200000 122.43388080501319857107
3300000 122.91407378981209237929
3400000 121.66182697339379003283
3500000 122.37180876037662760019
3600000 120.59206846782764766942
3700000 122.30952204395140776036
3800000 122.10380662955135128278
3900000 122.15981372171502028188
4000000 122.79195422930796088224
Missing/invalid 'Elapsed time:' part!
