100000 67.08900106745224791131
200000 67.17051039477098268558
300000 66.95595856298951085079
400000 66.34849247533534144641
500000 63.52281453625594290295
600000 62.40287746228627282926
700000 61.91189474521622342541
800000 62.22525954173733619972
900000 62.96919176650456504651
1000000 62.93458130180080171601
1100000 62.98251614684921365892
1200000 61.84272298677253726785
1300000 62.82661393254714058530
1400000 42.97405065526864248118
1500000 62.92066872984209250731
1600000 62.92841268345576235795
1700000 62.93701558664361477531
1800000 62.77328778181771213422
1900000 43.08988899948342551877
2000000 62.76328140254958297302
2100000 62.82177900005935540035
2200000 62.97011146977912764164
2300000 62.94199330787098548276
Missing/invalid 'Elapsed time:' part!
2500000 62.75935504601793410771
2600000 61.85084658575092740660
2700000 62.93898287524875568198
2800000 62.96167833515662783911
Missing/invalid 'Elapsed time:' part!
