100000 42.19966500392617658191
200000 42.16131324172392254840
300000 42.24812100665014995436
400000 42.18861202666080714861
500000 41.83990218775859343765
600000 41.65011633736550500700
700000 41.37285390285833565918
800000 41.65073864910009906502
900000 41.85923938554823928649
1000000 41.88426455942441757648
1100000 41.90898444866056825310
1200000 41.08966291279866078222
1300000 41.91730665619423602929
1400000 34.75627725799920990592
1500000 41.84249562978605581476
1600000 41.88457061518842139420
1700000 41.88954098682758942792
1800000 41.90945578094414087089
1900000 34.59612138133130590987
2000000 41.85756110038834499918
2100000 41.93693264576090040219
2200000 41.85814686477209611611
2300000 41.87244440535608275983
Missing/invalid 'Elapsed time:' part!
