100000 37.42085662754176101406
200000 37.41215343298929600883
300000 37.46810285455835037981
400000 37.46153826142379583501
500000 37.39535134955458050791
600000 37.33519471315891059730
700000 37.31165903442440907408
800000 37.38491234674472490313
900000 37.36031558933412597949
1000000 37.35395962040105670119
1100000 37.37736594440421069973
1200000 37.36186324875028107865
1300000 37.36813760114389181181
1400000 35.13106388911017286704
1500000 37.38909845236908283204
1600000 37.40762553426392333388
1700000 37.38346332261367923680
1800000 37.38688433790241206841
1900000 35.03978863973633351739
2000000 37.40164047687073063037
2100000 37.37914265331540817792
2200000 37.38843696904854787258
Missing/invalid 'Elapsed time:' part!
