100000 39.67620506467561745962
200000 39.62896425701484979580
300000 39.67810688568489460019
400000 39.68228878178366029822
500000 39.52722872834515122435
600000 39.44770284392406732886
700000 39.40019655405013021705
800000 39.44918850153156531282
900000 39.43933596983353260369
1000000 39.46705051997798617338
1100000 39.57362160158585089585
1200000 39.38697495464118671419
1300000 39.51945078129465747231
1400000 38.52569371872109619078
1500000 39.53582138798970702507
1600000 39.55390495908559107222
1700000 39.53153691128282134367
1800000 39.48559419632429358257
1900000 38.65226690872405933102
2000000 39.55608638826151617321
2100000 39.53917275593610376413
2200000 39.48471862162485542216
Missing/invalid 'Elapsed time:' part!
