100000 89.39138462827175008900
200000 89.53773835184878129663
300000 89.40031019910251383261
400000 87.86008308974024749427
500000 85.28647818835557095823
600000 83.08576542662177305819
700000 82.14575080154884616548
800000 83.09797809543274143714
900000 83.64943344482756642321
1000000 83.65796004870748552253
1100000 83.60112312540543445300
1200000 82.14598904720855940368
1300000 83.41953584542440554703
1400000 56.21212033338485045959
1500000 83.63919309904733975874
1600000 83.53050801678585347726
1700000 83.61573395999562793747
1800000 83.12479717672278633287
1900000 56.51356055288990470624
2000000 83.28565000375942023956
2100000 83.17453485460178817849
2200000 83.62316107339388779411
2300000 83.53587005535718985498
2400000 56.38986092354683843233
2500000 83.29504353923121290132
2600000 82.10844573644195491999
2700000 83.67349479256669423474
2800000 83.59399535589043692540
2900000 83.65821423084532463556
3000000 83.35638085211810052468
3100000 81.99155503310850203580
3200000 83.38605799202150520122
3300000 83.67870586186229259621
Missing/invalid 'Elapsed time:' part!
