100000 123.38006924009928162727
200000 123.21826019060250500037
300000 124.22950879493986863120
400000 123.49905151412008436941
500000 119.09076626969806327438
600000 101.24835149382139767074
700000 110.48905508161399025392
800000 104.39000502920108195785
900000 100.41590330328779152354
1000000 110.66421429493629639952
1100000 107.17650024850364718059
1200000 108.26577224939539118921
1300000 104.41809157344445626765
1400000 60.58231385501980343385
1500000 116.13025793807249678491
1600000 111.23722969221484610742
1700000 106.84164932869709523115
1800000 106.06282874097729798149
1900000 61.18162650035213787233
2000000 104.92418938808819457600
2100000 106.00413359881095936509
2200000 107.16595932074125555849
2300000 108.38822618777952189448
2400000 60.83548641675697909191
2500000 109.00004360000387555590
2600000 101.01088589542122307145
2700000 113.23288136266008313406
2800000 116.62774602398008601624
2900000 108.18995959136824742032
3000000 107.59318231327938621426
3100000 107.83821366897953331213
3200000 111.78465738969060910857
3300000 111.43327546217340882734
3400000 110.55144886226285077948
3500000 115.13954021475999807839
3600000 105.37748984079546255323
3700000 106.53187495109400283860
3800000 117.17146430039742359873
3900000 117.35962526202080734558
Missing/invalid 'Elapsed time:' part!
Missing/invalid 'Elapsed time:' part!
