100000 44.20191954366458873895
200000 44.84654887572630661039
300000 44.57344970091843079852
400000 44.43344535956821472009
500000 42.51014455788337596149
600000 42.30239909128297526487
700000 41.88963755055128506531
800000 42.10661223027762192904
900000 42.44372165326595131493
1000000 42.21302552244441369670
1100000 42.70691741766472936618
1200000 41.62206610389130738486
1300000 43.13427797629175883387
1400000 29.06762800707245975602
1500000 42.22345579519236683719
1600000 42.32495260489382026600
1700000 42.20297805884237981851
1800000 42.33884652828142253235
1900000 28.78701058668683262827
2000000 42.07039308923944939225
2100000 42.25479632748572876455
2200000 42.23630837730119199236
2300000 42.49998759190027815567
Missing/invalid 'Elapsed time:' part!
