100000 131.57143884510413043862
200000 130.33132640220955117032
300000 131.94442291917552402394
400000 130.67657780033860141168
500000 126.81184251684481354461
600000 123.92781487350418009944
700000 122.03797378446438948795
800000 123.10433349273476759003
900000 124.50322657774400006831
1000000 124.49835731461863185633
1100000 124.42262951636306855617
1200000 121.91630864749182756755
1300000 123.00035864974637761734
1400000 80.08357833567893948336
1500000 124.67702049781507482926
1600000 124.21395195876788876818
1700000 124.53025590692552605750
1800000 123.98781637395321545424
1900000 80.02190392449521445073
2000000 124.32146063845951956680
2100000 123.85750837106684683054
2200000 126.27390760498544053083
2300000 124.74098398882807444107
2400000 80.68372085060287093254
2500000 125.06409949985492568971
2600000 122.42351440296923214682
2700000 125.60318880005053990594
2800000 124.76850303477726547338
2900000 124.56740495340038148654
3000000 124.43517735464707658061
3100000 121.98057492622144496666
3200000 124.28855058088295287730
3300000 124.72388332637665814898
3400000 124.51547263568461353417
3500000 124.36466814663408933498
3600000 122.07434790867660195074
3700000 124.30107861756568278060
3800000 124.59520621096813408266
3900000 124.78216433066674445230
4000000 124.49448161026664292050
Missing/invalid 'Elapsed time:' part!
