250000 127.78035176419215192239
500000 123.48264003665106676641
750000 119.27749017943504609250
1000000 121.70513676101858119381
1250000 121.98503825617948035198
1500000 121.54796276179651075576
1750000 121.67352419411311594033
2000000 121.51594132535582837416
2250000 121.89362941795568908195
2500000 121.80626398978709762366
2750000 121.11121742714236481818
3000000 121.56554380830088773691
3250000 121.33583162495517621666
3500000 121.55743950951120781582
3750000 122.24533631863404621429
4000000 123.06730662076151215203
