100000 111.53533026891602443986
200000 111.94843215993254415577
300000 111.74240912330719885958
400000 111.01874564480593996578
500000 105.44063180969687818111
600000 103.38871607229755063727
700000 101.97769211558383898179
800000 102.98091189866402063191
900000 103.94347466528519080051
1000000 103.91997783042197251511
1100000 103.71090201755179589251
1200000 102.15509592798700991597
1300000 102.81635597015555949876
1400000 69.45179687723004024776
1500000 104.96230688889292036086
1600000 104.47373738289787515757
1700000 103.80441158570045995590
1800000 103.61133896989196497256
1900000 69.07360470950404789441
2000000 103.69040936093609360936
2100000 103.81278317025133198892
2200000 104.02106067534861729170
2300000 104.24082468674121090970
2400000 68.70864086426535522978
2500000 103.70989539592738281476
2600000 102.04529675984475164624
2700000 104.05105795520144126770
2800000 104.99971666750991812524
2900000 104.31995344263334419855
3000000 103.71115682083134073523
3100000 101.85620096132727464365
3200000 103.66146979690635376267
3300000 104.30459691460242728158
3400000 103.80796110295434556049
3500000 103.70387306836882074378
3600000 102.22152567171595672938
3700000 103.68556704110772954238
Missing/invalid 'Elapsed time:' part!
