100000 39.14400079078174423859
200000 39.12654671528483471815
300000 39.24280900267539444573
400000 39.19398808940566787514
500000 39.12675309318239124953
600000 39.10152141730763041869
700000 39.08253539912219482312
800000 39.09800182932313347101
900000 39.10339217610993997714
1000000 39.09816673183022720361
1100000 39.10594219578453323374
1200000 39.00896934818041034640
1300000 39.12985418285285022613
1400000 38.07762045224704245630
1500000 39.13669425560596616851
1600000 39.10923199792232306009
1700000 39.12341906336983196190
1800000 39.11006218577673877748
1900000 38.10919505648052520055
2000000 39.10670967678860170211
2100000 39.10059281363092068611
2200000 39.11918586141880638928
Missing/invalid 'Elapsed time:' part!
