100000 22.41020071202226774052
200000 22.48654446753659727664
300000 22.36376361839235326924
400000 21.98259409371589078946
500000 21.52150592916566033855
600000 21.40273049604396802145
700000 21.12278695944764691935
800000 21.59655205382635414186
900000 21.62933843654731970003
1000000 21.42685354042767966402
1100000 21.68779887916578707336
1200000 21.17949512430688676331
1300000 21.62397074723498389576
1400000 14.99086849259422613933
1500000 21.59569206158768246350
1600000 21.60832970693717081076
Missing/invalid 'Elapsed time:' part!
